id
708
1182
1372
3468
3543
4660
6413
6578
6596
9199
12084
12091
12184
13881
14128
16753
17827
19106
23857
23968
24128
25375
27803
36129
36671
41030
41516
43820
44729
47497
55556
59363
59387
59464
59533
61585
65272
65689
71978
75736
82243
83880
85313
105134
106139
120322
185439
189106
196162
207522
208886
209186
218325
262958
270630
285548
285559
293803
309653
312369
354058
411550
455511
523127
524117
529037
583647
628851
677088
725352
725967
747061
816538
957945
980595
1029500
1033635
1055709
1061584
1135057
1149270
1214022
1361208
1381885
1438582
1619676
1912067
1966700
2108059
2243572
2248739
2285664
2369207
2371444
2603031
2717829
2916194
3177438
3332523
3344664
3352345
3404839
3542346
3734890
3809161
3888859
4147313
4243788
4294150
4313414
4390704
5181751
5217073
5465962
5905584
6314884
6362930
6399992
6442727
6620982
7011202
7219113
7697742
8108584
8184561
8439611
8666203
9363309
10327216
10844170
10886337
10898095
10902168
12319923
12823560
12859074
12863644
13052139
13335031
13475670
13705767
14768127
15079722
16790899
17744374
17750339
18156360
19582620
20560327
20560351
20882410
20943903
21505596
21560226
24170040
24939229
28468569
29043871
29470113
30510830
30821619
31376451
31376937
31376938
31385420
31711289
32936954
34240724
34460921
34468421
36593669
37563783
38115804
41861515
41933286
42602756
44267569
45238739
45918829
45988799
54712393
56672070
58444207
69524380
70421360
71742301
72377810
75356089
75375560
76494763
76885487
83161507
83246967
88028387
90588691
92598147
95597979
100082329
101107268
101832849
104290466
107089500
110380339
112803189
113748812